5460958
7603278
894825
7026895
9653028
5231523
4699178
6951768
9400584
6607300
6704089
7573707
1913312
6971642
7298710
3448736
9074319
2909680
7304093
8910379
8606887
623725
5679767
5397003
8257274
7713622
1731143
109080
7397487
2668719
4078630
4682360
8161913
2291467
3195396
6023817
2467852
9561468
999596
4879785
4120319
1152429
8825140
6525272
6606341
4612128
8674721
9527990
6814984
9961855
8971327
1151705
349079
7340075
3130463
880502
6271936
877413
4665794
374709
2464021
8852780
3492081
6832723
4033474
5591214
4708275
1641786
1024235
2291304
4018504
206252
7498145
7713346
211578
270901
5906712
2348624
1054093
8321092
4879442
7269724
4649684
6417551
2996985
3021071
2508264
4464983
563013
80230
4463174
702556
6284193
6711658
12696
61728
2225907
6056767
2739605
4882396
1111110
132
7
1000
2147483648
